0 0.17171875 0.191458 0.08687500000000001 0.158334
0 0.234609375 0.36656283333333334 0.16812499999999997 0.11999999999999995
0 0.2169140625 0.09885416666666667 0.08124999999999999 0.06916699999999999
0 0.37484375 0.5849475833333333 0.11750000000000005 0.2691670000000001
0 0.4053515625 0.43604166666666666 0.128125 0.179167
0 0.535546875 0.34463574999999996 0.08999999999999997 0.211666
0 0.5759765625 0.4247916666666667 0.09687500000000004 0.240833
0 0.607578125 0.61744825 0.130625 0.22749999999999995
0 0.714375 0.6739586666666666 0.12687500000000007 0.24166600000000008
0 0.8708984375 0.5267704999999999 0.12437500000000001 0.17416700000000004
0 0.9117578125 0.5733850833333333 0.166875 0.19166700000000012
0 0.96703125 0.24421841666666666 0.040000000000000036 0.10833400000000004
