0 0.14453125 0.65817675 0.29 0.680834
0 0.2565625 0.3469795 0.015625000000000028 0.015832999999999986
0 0.383515625 0.5288541666666666 0.23875000000000002 0.31916700000000003
0 0.4411328125 0.6038541666666667 0.35375 0.568333
0 0.3459375 0.3512496666666667 0.016874999999999973 0.022500000000000037
0 0.4705859375 0.4377083333333333 0.044999999999999984 0.135833
0 0.61296875 0.3529166666666667 0.02375000000000005 0.022499999999999964
0 0.6581640625 0.3726559166666667 0.01937499999999992 0.030833999999999955
0 0.828046875 0.5293229166666666 0.34125000000000005 0.40583300000000005
0 0.6681640625 0.3469795 0.018124999999999947 0.017499999999999998
0 0.700390625 0.36182291666666666 0.020625000000000004 0.029167000000000016
0 0.723359375 0.36374966666666664 0.013124999999999942 0.02166700000000003
0 0.82359375 0.3680208333333333 0.023749999999999938 0.027500000000000007
0 0.8737890625 0.3674475833333333 0.018125000000000058 0.018334
0 0.91171875 0.36671875 0.024374999999999925 0.024166999999999977
